model,traindata,accuracy,std_accuracy,precision,std_precision,recall,std_recall,f1,std_f1
french_xlm_xnli,5epoch_train22,0.9702380952380952,0.0025774565588822487,0.9713643195630898,0.0021728464909939807,0.9702380952380952,0.002577456558882313,0.9702198720875458,0.002585849705648934
french_xlm_xnli,4epoch_train28,0.9642857142857143,0.004464285714285698,0.9646593257138726,0.004917873958398108,0.9642857142857143,0.004464285714285698,0.9642793055952824,0.0044568981885176
french_xlm_xnli,1epoch_train22,0.9613095238095238,0.0051549131177644975,0.9621372779267516,0.003850169282956133,0.9613095238095238,0.005154913117764562,0.9612895696457898,0.005187009062867546
french_xlm_xnli,1epoch_train4,0.9181547619047619,0.04335953060813533,0.9201269591352436,0.042864471443617554,0.9181547619047619,0.043359530608135285,0.9180438913230694,0.04344977148371762
french_xlm_xnli,3epoch_train16,0.9613095238095237,0.006819309069874738,0.9617710640900047,0.006282198559472732,0.9613095238095237,0.0068193090698747865,0.9612983649104215,0.006833055939937903
french_xlm_xnli,4epoch_train16,0.9657738095238096,0.0025774565588822487,0.9665799174648733,0.002252082004885852,0.9657738095238096,0.0025774565588822487,0.9657583978789072,0.0025903644531885006
french_xlm_xnli,2epoch_train2,0.8973214285714285,0.040915854419248596,0.9035857461492572,0.04265395990644076,0.8973214285714285,0.040915854419248596,0.8969431126908116,0.04092850859142855
french_xlm_xnli,5epoch_train16,0.9672619047619048,0.0025774565588822487,0.9681801985825057,0.001319265795896589,0.9672619047619048,0.0025774565588822487,0.9672446243586553,0.002601993733692408
french_xlm_xnli,1epoch_train2,0.8854166666666666,0.02727723627949901,0.8932417806486693,0.028057567104867055,0.8854166666666666,0.02727723627949906,0.8848228287436696,0.027489830228682736
french_xlm_xnli,3epoch_train28,0.9672619047619048,0.0051549131177644975,0.9679135524157929,0.005777695536167418,0.9672619047619047,0.00515491311776453,0.9672516967679985,0.00514710136788452
french_xlm_xnli,2epoch_train28,0.9672619047619048,0.0025774565588822487,0.9679364728461964,0.0031642145067814,0.9672619047619048,0.0025774565588822487,0.9672505655693416,0.002570145958169965
french_xlm_xnli,3epoch_train4,0.9345238095238096,0.03229543811638496,0.9406905002033561,0.027389288123639187,0.9345238095238096,0.03229543811638495,0.9342172040981241,0.0326755392736291
french_xlm_xnli,2epoch_train22,0.9657738095238094,0.006819309069874738,0.9664745643073817,0.006130564084413541,0.9657738095238094,0.006819309069874738,0.9657590568238584,0.0068356094414111475
french_xlm_xnli,3epoch_train8,0.9464285714285715,0.01181138978153835,0.9474271045333276,0.01028345356132878,0.9464285714285715,0.011811389781538329,0.946390966655243,0.011871253471292633
french_xlm_xnli,5epoch_train2,0.9166666666666666,0.04001288589210937,0.918953501163112,0.04199583441901346,0.9166666666666666,0.04001288589210943,0.916586901514541,0.0399591740611034
french_xlm_xnli,5epoch_train4,0.9345238095238094,0.0340965453493738,0.9390499550236591,0.029888566188745743,0.9345238095238094,0.0340965453493738,0.9342857066906888,0.03439968875176907
french_xlm_xnli,2epoch_train4,0.9360119047619048,0.034676131540866184,0.9410609071572861,0.03049517160199239,0.9360119047619048,0.03467613154086614,0.9357584362279466,0.03498017288840756
french_xlm_xnli,5epoch_train28,0.9642857142857143,0.004464285714285698,0.9646593257138726,0.004917873958398108,0.9642857142857143,0.004464285714285698,0.9642793055952824,0.0044568981885176
french_xlm_xnli,5epoch_train8,0.9449404761904762,0.010309826235528995,0.9468674127579532,0.00965039715675949,0.9449404761904763,0.01030982623552906,0.9448775902433774,0.010349209821317432
french_xlm_xnli,4epoch_train22,0.9717261904761904,0.006819309069874738,0.9724873959466942,0.0063060530223350755,0.9717261904761904,0.00681930906987475,0.971713460124052,0.006830618425714998
french_xlm_xnli,1epoch_train8,0.9092261904761904,0.045599861446561224,0.9118211963282441,0.04294140695284991,0.9092261904761904,0.045599861446561224,0.9090127106261203,0.04589854846822281
french_xlm_xnli,1epoch_train16,0.9494047619047619,0.0025774565588822487,0.9505836149300907,0.0034253669067959205,0.9494047619047619,0.002577456558882313,0.9493722720385566,0.0025644181118539807
french_xlm_xnli,4epoch_train4,0.9375,0.038142873863024666,0.9428593143107115,0.03219552444645707,0.9375,0.03814287386302467,0.9372052051550166,0.03852668445302892
french_xlm_xnli,3epoch_train2,0.9032738095238094,0.044717200003918815,0.9079652261895252,0.047482217335208354,0.9032738095238096,0.044717200003918836,0.9030486360887874,0.0446332719454456
french_xlm_xnli,3epoch_train22,0.96875,0.004464285714285698,0.9695090685966078,0.004114624057360954,0.96875,0.004464285714285754,0.9687367357169053,0.004472839830684618
french_xlm_xnli,4epoch_train2,0.9107142857142857,0.04305201232586138,0.9132238992945325,0.045397477938047034,0.9107142857142856,0.04305201232586144,0.9106235370414186,0.04298439861393967
french_xlm_xnli,1epoch_train28,0.9613095238095238,0.006819309069874738,0.961480446458363,0.006741445746182775,0.9613095238095237,0.0068193090698747865,0.9613057271185189,0.006821309618555421
french_xlm_xnli,2epoch_train8,0.9270833333333334,0.022908934997530713,0.9273715856659782,0.02302641817621353,0.9270833333333334,0.022908934997530713,0.927072206222921,0.022904605994398298
french_xlm_xnli,4epoch_train8,0.9434523809523809,0.009293151783330917,0.945414802083172,0.00904220845879095,0.9434523809523809,0.009293151783330962,0.9433883975704075,0.009321476637070359
french_xlm_xnli,2epoch_train16,0.9568452380952381,0.0025774565588822487,0.957342737724091,0.0022549380106835206,0.9568452380952381,0.002577456558882313,0.956833100407854,0.0025873138439496224
