model,traindata,accuracy,std_accuracy,precision,std_precision,recall,std_recall,f1,std_f1
GaussianNB,train4,0.744047619047619,0.06833906251907759,0.7965013178794954,0.02212643588741098,0.7440476190476191,0.06833906251907763,0.7288388608866742,0.08765682445619992
GaussianNB,train16,0.8883928571428572,0.039679439363016,0.896687700137531,0.03356996968980661,0.8883928571428572,0.03967943936301605,0.8876560226500435,0.040487879962717875
GaussianNB,train2,0.5580357142857143,0.055937339670275324,0.5731910819972829,0.2798928030267103,0.5580357142857143,0.055937339670275275,0.45019235943928565,0.11057830557450174
GaussianNB,train8,0.8705357142857143,0.058035714285714274,0.8779376359096552,0.046921543436595034,0.8705357142857143,0.058035714285714274,0.8694573261075486,0.05980117204249029
DecisionTree,train4,0.6517857142857143,0.08961991026734256,0.6664657321629196,0.08667555657140115,0.6517857142857143,0.08961991026734252,0.6402501443731915,0.09932133883352622
DecisionTree,train16,0.75,0.06185895741317416,0.7604155999334399,0.05581975318734791,0.75,0.06185895741317423,0.7469117494967773,0.06445696275715027
DecisionTree,train2,0.6011904761904762,0.09599079418375081,0.626097994514303,0.11743876334035712,0.6011904761904762,0.09599079418375081,0.5625290075448522,0.13128013096111565
DecisionTree,train8,0.7008928571428572,0.0629764999092227,0.7021684541478265,0.06336414787481709,0.7008928571428571,0.06297649990922269,0.7003936458555439,0.06320576426075773
RandomForest,train4,0.8154761904761904,0.009293151783330917,0.8251411034510024,0.021391143290104928,0.8154761904761906,0.00929315178333098,0.8142098760680975,0.007785936067884324
RandomForest,train16,0.8973214285714285,0.03866184838323386,0.9029077049353441,0.03240177782769576,0.8973214285714285,0.03866184838323392,0.8968239615665463,0.03936237463971193
RandomForest,train2,0.7752976190476191,0.03167231644909637,0.7856168981516426,0.03484424273090523,0.7752976190476191,0.03167231644909637,0.7733219913881763,0.031509884650338
RandomForest,train8,0.8660714285714285,0.043968115186589767,0.8717928072208849,0.034998352922073726,0.8660714285714285,0.04396811518658966,0.8652906255756744,0.04524563758298329
LinearSVM,train4,0.8645833333333334,0.03350693526546934,0.8727714355596793,0.026341760181844937,0.8645833333333334,0.0335069352654694,0.8636713355469207,0.03457034699023973
LinearSVM,train16,0.9077380952380952,0.04381676150099842,0.9109968517564679,0.04304711700021487,0.9077380952380953,0.04381676150099836,0.9075288558178007,0.043991634551239826
LinearSVM,train2,0.8154761904761904,0.03580717087951178,0.8257776731511823,0.044271387217307535,0.8154761904761904,0.03580717087951178,0.8142049777347905,0.035307874862923874
LinearSVM,train8,0.9002976190476191,0.059449358200708825,0.9073495817138295,0.05053652300472369,0.9002976190476191,0.05944935820070887,0.8995492619746193,0.06056981536196605
LogisticRegression,train4,0.8616071428571429,0.03370461801460156,0.8687415242039119,0.02648508782884618,0.8616071428571429,0.0337046180146016,0.8607672499158788,0.03474058759715408
LogisticRegression,train16,0.9032738095238096,0.04773516348912336,0.9059710352362019,0.04661489571733729,0.9032738095238096,0.04773516348912336,0.9030750013052029,0.04793978234370606
LogisticRegression,train2,0.8080357142857143,0.0267857142857143,0.8238443996676134,0.035268716161767265,0.8080357142857143,0.0267857142857143,0.8058129582970315,0.0263560026481046
LogisticRegression,train8,0.9017857142857143,0.060060821638721874,0.9086555670886587,0.05099316212350808,0.9017857142857144,0.06006082163872194,0.9010488648364615,0.061197591607772064
XGboost,train4,0.8392857142857144,0.02362277956307672,0.8635965923234256,0.023602869442970777,0.8392857142857143,0.023622779563076745,0.8365167124219294,0.024401786686317088
XGboost,train16,0.8616071428571429,0.04258657149182791,0.8692882237955496,0.04953713102815925,0.8616071428571429,0.04258657149182794,0.8610402824405966,0.04219547379949977
XGboost,train2,0.8110119047619048,0.04335953060813533,0.819354793949489,0.053195329804085756,0.8110119047619048,0.043359530608135265,0.8100765346059716,0.042545860072526864
XGboost,train8,0.8958333333333334,0.046465758916654755,0.8996748779909073,0.04509241335261609,0.8958333333333334,0.046465758916654706,0.8955365984748701,0.046700971919490235
