model,traindata,accuracy,std_accuracy,precision,std_precision,recall,std_recall,f1,std_f1
bert-base-multilingual-cased-sentiment-multilingual,5epoch_train22,0.9404761904761904,0.0340965453493738,0.9406456910415552,0.034222837010112715,0.9404761904761904,0.0340965453493738,0.9404720379872952,0.03409761316113492
bert-base-multilingual-cased-sentiment-multilingual,4epoch_train28,0.9508928571428572,0.027155189867402733,0.951234009519618,0.027004014052325193,0.9508928571428571,0.027155189867402833,0.9508817327013057,0.027163237321027683
bert-base-multilingual-cased-sentiment-multilingual,1epoch_train22,0.9315476190476191,0.021097391188627745,0.9331006874927655,0.019930605635082147,0.931547619047619,0.021097391188627704,0.9314740207077549,0.02116935199875987
bert-base-multilingual-cased-sentiment-multilingual,1epoch_train4,0.8497023809523809,0.06935226308173238,0.8671977807881909,0.040872519885169996,0.8497023809523809,0.06935226308173238,0.8465092086594623,0.0747064342756012
bert-base-multilingual-cased-sentiment-multilingual,3epoch_train16,0.9419642857142857,0.04305201232586142,0.9422026167739245,0.04294458698234639,0.9419642857142857,0.0430520123258614,0.9419540508170172,0.04306225816218361
bert-base-multilingual-cased-sentiment-multilingual,4epoch_train16,0.9434523809523809,0.02904646026182015,0.9440174860563455,0.029601435576008965,0.9434523809523809,0.02904646026182015,0.9434405124312897,0.029044044683777744
bert-base-multilingual-cased-sentiment-multilingual,2epoch_train2,0.8095238095238096,0.04381676150099842,0.8552893945784744,0.028015947818603948,0.8095238095238096,0.04381676150099842,0.8025442194477707,0.048722207144779116
bert-base-multilingual-cased-sentiment-multilingual,5epoch_train16,0.9449404761904762,0.025385003138738038,0.9456767803334412,0.025801851091165583,0.9449404761904762,0.025385003138738083,0.9449214548436543,0.025389823836266118
bert-base-multilingual-cased-sentiment-multilingual,1epoch_train2,0.8125,0.05837811085099114,0.842594695445899,0.02857784421620255,0.8125,0.05837811085099114,0.8068936303860941,0.06564990819640747
bert-base-multilingual-cased-sentiment-multilingual,3epoch_train28,0.9449404761904763,0.03229543811638493,0.9449517469428974,0.032284536270364886,0.9449404761904762,0.03229543811638496,0.9449399720027523,0.03229592599113103
bert-base-multilingual-cased-sentiment-multilingual,2epoch_train28,0.9211309523809524,0.018586303566661896,0.9219901392382625,0.019235740814615196,0.9211309523809524,0.018586303566661896,0.9210959006212801,0.018573506753836747
bert-base-multilingual-cased-sentiment-multilingual,3epoch_train4,0.869047619047619,0.06863007474762028,0.8828791387159699,0.04603395824203067,0.869047619047619,0.06863007474762028,0.8668326375497123,0.07237783017742712
bert-base-multilingual-cased-sentiment-multilingual,2epoch_train22,0.9375,0.03543416934461503,0.9377594940440028,0.03552162325299425,0.9375,0.03543416934461505,0.9374917539694971,0.03543716275881821
bert-base-multilingual-cased-sentiment-multilingual,3epoch_train8,0.8735119047619047,0.07697926878796169,0.8827529161181759,0.07043286618140877,0.8735119047619048,0.0769792687879617,0.8723254596593577,0.0785422188052822
bert-base-multilingual-cased-sentiment-multilingual,5epoch_train2,0.8363095238095237,0.05546025343328637,0.858477427635996,0.04606371237661676,0.8363095238095237,0.055460253433286345,0.8332221693866302,0.058345330182134274
bert-base-multilingual-cased-sentiment-multilingual,5epoch_train4,0.8645833333333334,0.06833906251907759,0.8819116576060549,0.04721028140917376,0.8645833333333334,0.06833906251907759,0.8620307779647159,0.07223853471802155
bert-base-multilingual-cased-sentiment-multilingual,2epoch_train4,0.8601190476190476,0.06505206248331664,0.8754546578830696,0.04291537526329821,0.8601190476190476,0.06505206248331667,0.8576841118341639,0.06900689993216677
bert-base-multilingual-cased-sentiment-multilingual,5epoch_train28,0.9538690476190476,0.024587368514670076,0.9542123368697045,0.024413206597900493,0.9538690476190478,0.02458736851467011,0.9538584571084527,0.024595707113725118
bert-base-multilingual-cased-sentiment-multilingual,5epoch_train8,0.8839285714285715,0.08961991026734258,0.8911341126714537,0.08277590393773218,0.8839285714285715,0.08961991026734256,0.8829334196923097,0.09097560679915737
bert-base-multilingual-cased-sentiment-multilingual,4epoch_train22,0.9404761904761904,0.0340965453493738,0.940849337356091,0.03455663973788596,0.9404761904761904,0.0340965453493738,0.9404696637778818,0.03409372758167774
bert-base-multilingual-cased-sentiment-multilingual,1epoch_train8,0.8571428571428571,0.07456827271647352,0.8645957875104077,0.06630865987122785,0.8571428571428571,0.07456827271647352,0.855926299422029,0.0761635768018334
bert-base-multilingual-cased-sentiment-multilingual,1epoch_train16,0.9181547619047619,0.05928150085429198,0.9208553498692563,0.05701364322026283,0.9181547619047619,0.05928150085429191,0.9179535324487222,0.05945573758906447
bert-base-multilingual-cased-sentiment-multilingual,4epoch_train4,0.869047619047619,0.06863007474762028,0.8843700047461537,0.04733538734261452,0.869047619047619,0.06863007474762026,0.8667501219792593,0.07230685010968388
bert-base-multilingual-cased-sentiment-multilingual,3epoch_train2,0.8288690476190476,0.060939271516200225,0.8614679200096808,0.04157887259109345,0.8288690476190476,0.06093927151620016,0.8239333931205511,0.06565196651327626
bert-base-multilingual-cased-sentiment-multilingual,3epoch_train22,0.9404761904761904,0.03135611235968077,0.9413935867860094,0.03194705539163454,0.9404761904761904,0.03135611235968077,0.9404524489472476,0.03135158608716992
bert-base-multilingual-cased-sentiment-multilingual,4epoch_train2,0.8303571428571429,0.05263315233281961,0.855684850081713,0.04351215865453841,0.8303571428571429,0.05263315233281961,0.8268021292099629,0.05537108090653227
bert-base-multilingual-cased-sentiment-multilingual,1epoch_train28,0.9226190476190476,0.0180421959121758,0.9241283984935516,0.01626015389842287,0.9226190476190476,0.01804219591217579,0.9225345760723321,0.018146616669119722
bert-base-multilingual-cased-sentiment-multilingual,2epoch_train8,0.8764880952380952,0.08706310997803618,0.8839897102508956,0.0801567979714081,0.8764880952380952,0.08706310997803618,0.8754339711396882,0.0883676415495852
bert-base-multilingual-cased-sentiment-multilingual,4epoch_train8,0.8809523809523809,0.08932290891939834,0.8905474235038514,0.07977973223204424,0.8809523809523809,0.08932290891939834,0.8795982153130902,0.09112064646966203
bert-base-multilingual-cased-sentiment-multilingual,2epoch_train16,0.9419642857142856,0.03124999999999999,0.9437030324308525,0.02978978547928976,0.9419642857142857,0.03124999999999995,0.9418858573696033,0.03133048869639774
