model,traindata,accuracy,std_accuracy,precision,std_precision,recall,std_recall,f1,std_f1
dehatebert-mono-french,5epoch_train22,0.8869047619047619,0.022469745343067685,0.8933349640167002,0.021076985437694325,0.8869047619047619,0.022469745343067747,0.8864187998029226,0.022669701624599758
dehatebert-mono-french,4epoch_train28,0.9107142857142857,0.016096211051178512,0.9123430382713181,0.017192544386265746,0.9107142857142856,0.016096211051178526,0.9106343510407028,0.016052620771202127
dehatebert-mono-french,1epoch_train22,0.9077380952380952,0.013638618139749476,0.9083573122509027,0.014155792875653349,0.9077380952380952,0.013638618139749597,0.9077065225945056,0.013614992273389942
dehatebert-mono-french,1epoch_train4,0.8065476190476191,0.041239304942116174,0.8224036881133205,0.05626696967413703,0.806547619047619,0.041239304942116105,0.8046231084586299,0.03975878871730171
dehatebert-mono-french,3epoch_train16,0.875,0.007732369676646747,0.8779140340111975,0.00984012613964557,0.875,0.007732369676646747,0.8747669371600759,0.007617634548094377
dehatebert-mono-french,4epoch_train16,0.8735119047619048,0.011234872671533815,0.8865714816710494,0.00809573322304792,0.8735119047619048,0.011234872671533874,0.872390857806914,0.012136360051208805
dehatebert-mono-french,2epoch_train2,0.7127976190476191,0.10698773492868269,0.7753455736986902,0.0033262117943915915,0.7127976190476191,0.10698773492868266,0.6848553591237027,0.1549537496204748
dehatebert-mono-french,5epoch_train16,0.8869047619047619,0.021097391188627704,0.8969135514171138,0.021648540217329634,0.8869047619047619,0.021097391188627728,0.8861769457260058,0.02129952209963247
dehatebert-mono-french,1epoch_train2,0.7142857142857143,0.07935887872603205,0.7725701796693644,0.022929453820183146,0.7142857142857143,0.07935887872603205,0.6927906391262226,0.11323087975411167
dehatebert-mono-french,3epoch_train28,0.9047619047619048,0.026158327129831776,0.9052091835538628,0.026066332604243604,0.9047619047619048,0.026158327129831734,0.9047340154315607,0.026172037965881044
dehatebert-mono-french,2epoch_train28,0.9136904761904763,0.026158327129831797,0.9138034857319534,0.026232149701660764,0.9136904761904763,0.026158327129831776,0.9136854929058263,0.02615512360347026
dehatebert-mono-french,3epoch_train4,0.7886904761904763,0.07474624020758547,0.8095026678775615,0.06469625027328492,0.7886904761904762,0.07474624020758551,0.7841693992333806,0.07875890131955482
dehatebert-mono-french,2epoch_train22,0.9017857142857143,0.01785714285714285,0.9026130478716686,0.016874904554212818,0.9017857142857141,0.01785714285714285,0.9017258583879878,0.017931279562955538
dehatebert-mono-french,3epoch_train8,0.8705357142857143,0.019459370283663756,0.8746129577552563,0.01984396754517034,0.8705357142857143,0.019459370283663676,0.8701843535483743,0.019500775986674754
dehatebert-mono-french,5epoch_train2,0.7455357142857143,0.10052080579640808,0.8007345085470085,0.011978586013426369,0.7455357142857143,0.10052080579640808,0.7254597567587133,0.13420429044270796
dehatebert-mono-french,5epoch_train4,0.8110119047619048,0.059950110352629996,0.8228073603590397,0.057151059206245976,0.8110119047619048,0.059950110352629996,0.8090530880812855,0.0611130742805267
dehatebert-mono-french,2epoch_train4,0.8199404761904763,0.09794334923752579,0.826913222044834,0.09927738396558602,0.8199404761904763,0.09794334923752579,0.8189480769655176,0.09837830790461162
dehatebert-mono-french,5epoch_train28,0.8988095238095238,0.014350670775287124,0.9026956820906235,0.014425519939687948,0.8988095238095237,0.014350670775287108,0.898562111732673,0.014408917109855382
dehatebert-mono-french,5epoch_train8,0.8526785714285715,0.03370461801460155,0.8597514564167709,0.029980016338694376,0.8526785714285715,0.0337046180146016,0.8518454619110951,0.034477996724138024
dehatebert-mono-french,4epoch_train22,0.8824404761904762,0.02690943648813264,0.8896680088216304,0.026351446758958345,0.8824404761904762,0.02690943648813264,0.8818769087614644,0.027087249481700035
dehatebert-mono-french,1epoch_train8,0.8601190476190478,0.046465758916654755,0.8658135227293008,0.048441104171157684,0.8601190476190478,0.046465758916654755,0.8596090680840277,0.04644823508576048
dehatebert-mono-french,1epoch_train16,0.8898809523809524,0.020619652471058052,0.8910388460558485,0.02157705850272401,0.8898809523809524,0.02061965247105802,0.8898094063092823,0.020567154285586253
dehatebert-mono-french,4epoch_train4,0.8125,0.06137378162887286,0.8232431608046037,0.06095088605741315,0.8125,0.061373781628872866,0.8108467975216497,0.06193360681869488
dehatebert-mono-french,3epoch_train2,0.7410714285714285,0.10834518838849641,0.8017599632336475,0.01825786647669265,0.7410714285714285,0.10834518838849637,0.7181526358804033,0.14594115943918332
dehatebert-mono-french,3epoch_train22,0.8839285714285715,0.01785714285714285,0.8876619528293314,0.01864529852103958,0.8839285714285715,0.017857142857142794,0.8836544521100264,0.017845289274147576
dehatebert-mono-french,4epoch_train2,0.7395833333333334,0.10698773492868269,0.799098097437426,0.014339484184193963,0.7395833333333334,0.10698773492868266,0.7168208201465421,0.14475066699050326
dehatebert-mono-french,1epoch_train28,0.9181547619047619,0.0025774565588822487,0.91901237447123,0.0026237457640902943,0.9181547619047619,0.002577456558882313,0.9181128916123514,0.002577863841818631
dehatebert-mono-french,2epoch_train8,0.8705357142857143,0.027155189867402733,0.8711414423567447,0.027273339456869886,0.8705357142857143,0.027155189867402833,0.8704841726131302,0.027157571270980528
dehatebert-mono-french,4epoch_train8,0.8526785714285715,0.032192422102357045,0.8605922675624339,0.028689032769578297,0.8526785714285715,0.03219242210235705,0.8517699126654724,0.03292907152981528
dehatebert-mono-french,2epoch_train16,0.8824404761904763,0.011234872671533865,0.8826583894403734,0.011460448714172022,0.8824404761904763,0.011234872671533815,0.8824251393619017,0.01121978539426027
