model,traindata,accuracy,std_accuracy,precision,std_precision,recall,std_recall,f1,std_f1
GaussianNB,train4,0.7336309523809524,0.11558391207816301,0.7371166977234985,0.11558187831302533,0.7336309523809524,0.11558391207816301,0.7322135979161803,0.1169148616876261
GaussianNB,train16,0.818452380952381,0.05326050645289671,0.8357519861101249,0.049923112761357365,0.8184523809523809,0.053260506452896664,0.8157974056993534,0.055181367588747435
GaussianNB,train2,0.6949404761904762,0.0180421959121758,0.7318962822847396,0.006814868679632198,0.6949404761904762,0.01804219591217574,0.6819630239261074,0.027155338470693693
GaussianNB,train22,0.8377976190476191,0.03167231644909637,0.8632493596065105,0.029246231222791855,0.8377976190476191,0.03167231644909637,0.834806854933055,0.03278120928685716
GaussianNB,train28,0.8526785714285715,0.029274279126348224,0.8722306071100497,0.027280987897785356,0.8526785714285715,0.02927427912634816,0.8506523864167623,0.030048907149881558
GaussianNB,train8,0.8020833333333334,0.11489213182712871,0.8244974590341002,0.0807213148843702,0.8020833333333334,0.11489213182712861,0.7940270483337666,0.1284465635841449
DecisionTree,train4,0.5967261904761904,0.01858630356666194,0.7055594627066283,0.10084322370164718,0.5967261904761905,0.018586303566661834,0.5453501142979135,0.015417940300065203
DecisionTree,train16,0.7276785714285715,0.060060821638721874,0.7515576759255246,0.04218807159537868,0.7276785714285715,0.06006082163872194,0.7194066886349854,0.07001823786187894
DecisionTree,train2,0.5505952380952381,0.060281634227765196,0.5257771583683092,0.24285821909159896,0.550595238095238,0.06028163422776514,0.45655195095475937,0.13333908920327497
DecisionTree,train22,0.7604166666666666,0.04937696435427695,0.7664067906416298,0.04244669354758797,0.7604166666666666,0.04937696435427695,0.7585915196225183,0.05177999607018925
DecisionTree,train28,0.769345238095238,0.050770006277476125,0.771967746176777,0.04868510779570995,0.7693452380952381,0.05077000627747618,0.768649345412525,0.05137758718078824
DecisionTree,train8,0.6502976190476191,0.06626620261372713,0.7016295476426047,0.09650080029801135,0.6502976190476191,0.06626620261372713,0.6273188193327875,0.07399873172992875
RandomForest,train4,0.6041666666666666,0.044717200003918774,0.7445276474133301,0.023469859902292677,0.6041666666666666,0.044717200003918774,0.5359380842613825,0.08158239887588777
RandomForest,train16,0.7633928571428572,0.05030994495350286,0.8404959426991251,0.024202584842409627,0.7633928571428571,0.050309944953502855,0.747985992836642,0.05857470636358877
RandomForest,train2,0.5892857142857143,0.03125,0.6868384953954761,0.07900345019580109,0.5892857142857143,0.03125,0.5350677141451253,0.07327003282579313
RandomForest,train22,0.8080357142857144,0.0357142857142857,0.8567608250805022,0.02097971544731177,0.8080357142857144,0.0357142857142857,0.8007883274075476,0.0400155149329898
RandomForest,train28,0.8318452380952381,0.029724679100354454,0.8605396401948529,0.022068190647097894,0.8318452380952381,0.029724679100354454,0.8282281221972667,0.03165046983874427
RandomForest,train8,0.681547619047619,0.04219478237725545,0.7917503993509653,0.025029635527058017,0.681547619047619,0.04219478237725545,0.6469276378077193,0.0607369087215074
LinearSVM,train4,0.7589285714285715,0.03219242210235705,0.7622438287266369,0.03142233757911452,0.7589285714285713,0.032192422102357045,0.7581186496670199,0.03256827839489223
LinearSVM,train16,0.8660714285714285,0.023197109029940304,0.8668330384325599,0.0223498617599523,0.8660714285714285,0.023197109029940367,0.8659885942637415,0.02330312803992897
LinearSVM,train2,0.7083333333333334,0.029724679100354392,0.7189436508842834,0.01806514417972163,0.7083333333333334,0.029724679100354454,0.7041507629268909,0.03499506672781151
LinearSVM,train22,0.8898809523809524,0.00929315178333098,0.8917310351454267,0.009096504014712792,0.8898809523809522,0.009293151783330962,0.8897492531335597,0.009330765381237841
LinearSVM,train28,0.8883928571428572,0.004464285714285754,0.8923186204476528,0.0034550994694911453,0.8883928571428571,0.004464285714285698,0.8881101612796081,0.004563637109155041
LinearSVM,train8,0.8333333333333334,0.06920842829900888,0.8345208593701049,0.07014601235174495,0.8333333333333334,0.06920842829900882,0.833223551431559,0.06916612312090012
LogisticRegression,train4,0.7574404761904762,0.03167231644909637,0.7613447075434606,0.030863871346901765,0.7574404761904763,0.03167231644909643,0.7564843313098857,0.032075491995437626
LogisticRegression,train16,0.8645833333333334,0.018586303566661896,0.8652121771458218,0.01798311387285308,0.8645833333333334,0.018586303566661924,0.864517470917257,0.018659537090191754
LogisticRegression,train2,0.7083333333333334,0.029724679100354392,0.7189436508842834,0.01806514417972163,0.7083333333333334,0.029724679100354454,0.7041507629268909,0.03499506672781151
LogisticRegression,train22,0.8809523809523809,0.006819309069874738,0.8830374929131244,0.005659271473236694,0.8809523809523809,0.006819309069874799,0.8807856630588545,0.006919168099726678
LogisticRegression,train28,0.8898809523809524,0.011234872671533874,0.8937618504628418,0.009147998759738447,0.8898809523809524,0.011234872671533865,0.8895959357605904,0.011411492423796597
LogisticRegression,train8,0.8288690476190476,0.07606772570911939,0.8300999641432366,0.07694112150545832,0.8288690476190476,0.07606772570911939,0.828746833282087,0.07604263731559716
XGboost,train4,0.7202380952380952,0.03796830601837222,0.7382368901507307,0.020348748909390244,0.7202380952380952,0.03796830601837222,0.7138680330350585,0.04743641443516985
XGboost,train16,0.8452380952380952,0.044717200003918836,0.8522442140761616,0.04318303343184921,0.8452380952380952,0.044717200003918774,0.8443833632439081,0.04524968788212702
XGboost,train2,0.6919642857142857,0.032192422102357045,0.698814087540408,0.03060081597879758,0.6919642857142857,0.032192422102357045,0.6891544119745303,0.03366741611193957
XGboost,train22,0.8452380952380952,0.009293151783330917,0.8606194513357318,0.0043121301365417275,0.8452380952380952,0.009293151783330934,0.8435352476007095,0.010197668899229137
XGboost,train28,0.8571428571428571,0.016096211051178526,0.8782285555550775,0.011032240763491477,0.8571428571428571,0.016096211051178526,0.8550583022220043,0.017095122196106618
XGboost,train8,0.8095238095238094,0.07940072364258392,0.8102605070140733,0.08008475544207404,0.8095238095238094,0.07940072364258394,0.8094482481469009,0.07935187716084509
