model,traindata,accuracy,std_accuracy,precision,std_precision,recall,std_recall,f1,std_f1
xlm-roberta-base-sentiment-multilingual,5epoch_train22,0.9196428571428572,0.011811389781538372,0.9228009637421403,0.011086396808829453,0.9196428571428572,0.011811389781538372,0.9194874753702079,0.011871967267663836
xlm-roberta-base-sentiment-multilingual,4epoch_train28,0.9166666666666666,0.018586303566661896,0.9189261268093748,0.01975751208883882,0.9166666666666666,0.018586303566661896,0.9165635475288759,0.018562850039462415
xlm-roberta-base-sentiment-multilingual,1epoch_train22,0.8645833333333334,0.013638618139749523,0.8735835197588422,0.006106340260980136,0.8645833333333334,0.013638618139749537,0.863705754439347,0.01440040169108332
xlm-roberta-base-sentiment-multilingual,1epoch_train4,0.8467261904761904,0.011234872671533815,0.8528556672544662,0.009174480799971503,0.8467261904761904,0.011234872671533822,0.8460394061284591,0.011592999476346712
xlm-roberta-base-sentiment-multilingual,3epoch_train16,0.8898809523809524,0.00929315178333098,0.8916323206413693,0.007930896480137069,0.8898809523809524,0.009293151783330917,0.8897503703892483,0.009416631263860416
xlm-roberta-base-sentiment-multilingual,4epoch_train16,0.8913690476190476,0.002577456558882313,0.8936823630551847,0.002047914932055745,0.8913690476190476,0.0025774565588822167,0.8912077966162865,0.002673597454507725
xlm-roberta-base-sentiment-multilingual,2epoch_train2,0.7767857142857143,0.09688631434915494,0.8233798493949388,0.04096265472438979,0.7767857142857143,0.09688631434915497,0.7631212266957208,0.1174696771319768
xlm-roberta-base-sentiment-multilingual,5epoch_train16,0.9032738095238094,0.006819309069874738,0.904909671417567,0.005509109254105116,0.9032738095238096,0.006819309069874811,0.9031711369487184,0.006915996795094935
xlm-roberta-base-sentiment-multilingual,1epoch_train2,0.7425595238095237,0.09065175244355976,0.7953693419446844,0.048830265750332266,0.7425595238095238,0.09065175244355972,0.7252045505309649,0.11274033988123033
xlm-roberta-base-sentiment-multilingual,3epoch_train28,0.9032738095238096,0.014350670775287086,0.9095122867293366,0.014542117143845854,0.9032738095238094,0.014350670775287124,0.9029028809529082,0.014422528864106355
xlm-roberta-base-sentiment-multilingual,2epoch_train28,0.8988095238095238,0.00929315178333098,0.9049404341655674,0.01111067214886454,0.8988095238095237,0.009293151783330898,0.8984312784034061,0.009254093352031588
xlm-roberta-base-sentiment-multilingual,3epoch_train4,0.8794642857142857,0.03125,0.8836535032340954,0.02770162296427227,0.8794642857142857,0.03125,0.8790666656032494,0.03163563607726967
xlm-roberta-base-sentiment-multilingual,2epoch_train22,0.9002976190476191,0.0051549131177644975,0.9050852751037927,0.006474119087897342,0.9002976190476191,0.0051549131177644975,0.9000043832036599,0.005137671135097313
xlm-roberta-base-sentiment-multilingual,3epoch_train8,0.8779761904761906,0.044717200003918815,0.8866487899665234,0.033698870931735805,0.8779761904761904,0.04471720000391876,0.8769838877922952,0.04608737853544988
xlm-roberta-base-sentiment-multilingual,5epoch_train2,0.8273809523809524,0.051549131177645105,0.8483041780914121,0.03171027048666212,0.8273809523809524,0.05154913117764517,0.8239424284855604,0.05589668498427596
xlm-roberta-base-sentiment-multilingual,5epoch_train4,0.8735119047619048,0.03796830601837222,0.876235045442218,0.03495934362840845,0.8735119047619048,0.03796830601837222,0.873208306930415,0.03834094628378851
xlm-roberta-base-sentiment-multilingual,2epoch_train4,0.8526785714285715,0.015464739353293558,0.8601052358947096,0.013975066351938714,0.8526785714285715,0.015464739353293558,0.8518948890669265,0.015770345978986095
xlm-roberta-base-sentiment-multilingual,5epoch_train28,0.9226190476190476,0.03717260713332379,0.9239337969522605,0.037391424829597585,0.9226190476190476,0.037172607133323834,0.9225610979113271,0.037190204594805494
xlm-roberta-base-sentiment-multilingual,5epoch_train8,0.8779761904761904,0.05381887297626528,0.887545568466621,0.039478533267975596,0.8779761904761904,0.05381887297626528,0.8767342128791243,0.05577777254375928
xlm-roberta-base-sentiment-multilingual,4epoch_train22,0.9196428571428572,0.004464285714285754,0.9226681825484362,0.0016734269925620668,0.9196428571428571,0.004464285714285698,0.919493310732653,0.004606867294780135
xlm-roberta-base-sentiment-multilingual,1epoch_train8,0.8407738095238096,0.0340965453493738,0.8489178125983067,0.02458506501248304,0.8407738095238096,0.0340965453493738,0.8396001096149304,0.035689364250669216
xlm-roberta-base-sentiment-multilingual,1epoch_train16,0.8601190476190478,0.032906762481392834,0.866391405342032,0.02684745667617865,0.8601190476190478,0.032906762481392834,0.8593860727306458,0.033665148189179185
xlm-roberta-base-sentiment-multilingual,4epoch_train4,0.8824404761904763,0.029724679100354454,0.8869540656206146,0.02367854868040733,0.8824404761904763,0.02972467910035442,0.8819899933318064,0.030391599416443583
xlm-roberta-base-sentiment-multilingual,3epoch_train2,0.7946428571428571,0.08917403730106331,0.8402283656551938,0.035823937196926586,0.7946428571428571,0.08917403730106331,0.7834666485613649,0.10570428995172854
xlm-roberta-base-sentiment-multilingual,3epoch_train22,0.9032738095238094,0.01858630356666194,0.9054970551099509,0.016830077448671085,0.9032738095238096,0.018586303566661834,0.9031239989925587,0.018713274432932966
xlm-roberta-base-sentiment-multilingual,4epoch_train2,0.8065476190476191,0.06833906251907759,0.8333854470336585,0.035217344510382054,0.8065476190476191,0.06833906251907759,0.8006319832170282,0.07718659114021928
xlm-roberta-base-sentiment-multilingual,1epoch_train28,0.8988095238095237,0.04148023769275699,0.9033756411891813,0.03756102518789237,0.8988095238095237,0.04148023769275699,0.8984341559490204,0.04180559452757857
xlm-roberta-base-sentiment-multilingual,2epoch_train8,0.8645833333333334,0.047735163489123336,0.876596263240418,0.028921051564028726,0.8645833333333334,0.047735163489123336,0.8629255910369354,0.05045520725120027
xlm-roberta-base-sentiment-multilingual,4epoch_train8,0.8720238095238094,0.05135545811528991,0.8818055387032313,0.03817563424132334,0.8720238095238094,0.05135545811528986,0.8707617135575424,0.053199243497734354
xlm-roberta-base-sentiment-multilingual,2epoch_train16,0.8883928571428571,0.00773236967664681,0.889936855409306,0.007756637591554238,0.8883928571428571,0.00773236967664681,0.8882822079714016,0.007741339662903617
